15
7 56 11 49 21 93 13 97 15 92 44 39 44 97 24
67 7 49 69 72 7 4 55 42 30 0 51 25 73 88
98 87 26 35 89 75 6 12 22 39 48 69 85 51 85
95 98 40 43 25 40 94 84 46 56 94 76 87 17 66
90 6 92 52 44 37 63 66 60 24 34 71 27 33 71
53 18 49 11 17 81 63 53 33 31 84 75 59 38 28
63 17 98 6 63 80 40 9 50 58 50 65 42 8 25
8 81 20 33 83 12 6 0 91 52 22 51 50 65 59
10 15 35 37 61 1 63 19 97 30 18 63 37 2 40
12 2 15 63 65 21 49 13 51 11 57 36 65 89 67
41 57 63 83 33 30 91 67 10 96 13 50 80 18 6
0 76 73 84 46 65 63 41 51 74 75 41 61 45 77
64 29 48 26 49 40 37 64 19 99 37 51 13 23 79
4 76 12 38 71 59 74 52 39 76 49 88 50 85 40
13 9 46 11 40 48 65 89 54 79 28 71 68 14 10
