16
150 231 340 5 698 270 636 384 749 957 1 212 802 164 138 757
270 65 848 358 464 279 652 57 842 56 577 406 901 514 16 759
566 334 908 166 383 351 817 832 97 209 627 982 815 564 608 470
472 927 17 796 914 983 224 287 621 396 998 28 390 656 180 509
150 869 256 626 357 978 885 117 796 965 651 129 604 685 952 970
516 239 46 358 160 786 686 194 51 432 831 630 560 930 642 746
432 94 79 642 266 667 347 549 355 68 224 98 383 459 163 921
523 855 637 871 8 61 59 486 685 13 387 192 552 406 16 214
597 292 348 536 570 976 284 816 841 785 207 114 40 346 499 26
129 695 43 928 976 412 505 208 446 390 760 276 924 841 296 934
709 429 852 506 696 92 57 158 860 398 797 378 737 157 119 756
313 695 570 250 668 843 594 795 218 2 29 776 659 218 496 290
487 288 912 778 785 732 809 857 769 225 689 273 69 225 703 138
879 510 321 275 114 728 860 932 290 982 840 80 715 246 910 328
299 638 597 515 103 57 514 526 821 1 294 50 573 838 298 123
480 295 628 988 180 315 629 571 908 834 523 271 257 920 6 817
